0x000: b0 00
0x002: 04 00
0x004: 66 b8 34 12
0x008: 66 05 01 10
0x00c: b8 00 00 00 10
0x011: 83 c0 01
0x014: c6 05 00 10 00 00 20
0x01b: 80 05 00 10 00 00 60
0x022: 66 c7 05 00 20 00 00 34 12
0x02b: 66 81 05 00 20 00 00 01 01
0x034: c7 05 00 20 00 00 78 56 34 12
0x03e: 83 05 00 20 00 00 01
0x045: 66 c7 05 00 30 00 00 00 80
0x04e: 66 83 05 00 30 00 00 fe
0x056: c7 05 00 40 00 00 ff ff ff 7f
0x060: 83 05 00 40 00 00 01
0x067: b0 05
0x069: c6 05 00 50 00 00 03
0x070: 00 05 00 50 00 00
0x076: 66 b8 10 00
0x07a: 66 c7 05 00 60 00 00 20 00
0x083: 66 01 05 00 60 00 00
0x08a: b8 02 00 00 00
0x08f: c7 05 00 70 00 00 03 00 00 00
0x099: 01 05 00 70 00 00
0x09f: b0 05
0x0a1: c6 05 00 80 00 00 07
0x0a8: 02 05 00 80 00 00
0x0ae: 66 b8 10 00
0x0b2: 66 c7 05 00 90 00 00 20 00
0x0bb: 66 03 05 00 90 00 00
0x0c2: b8 02 00 00 00
0x0c7: c7 05 00 a0 00 00 03 00 00 00
0x0d1: 03 05 00 a0 00 00
0x0d7: 0f 6f 05 00 b0 00 00
0x0de: 66 c7 05 00 c0 00 00 34 12
0x0e7: 8e 1d 00 c0 00 00
0x0ed: b0 10
0x0ef: c6 05 00 d0 00 00 20
0x0f6: 86 05 00 d0 00 00
0x0fc: b8 10 00 00 00
0x101: 66 c7 05 00 e0 00 00 10 00
0x10a: 66 bb 20 00
0x10e: 66 0f b1 1d 00 e0 00 00
0x116: ea 00 10 00 00 20 00
0x11D: 75 05
0x11F: F4

                
